radius = 0.1715; 
PPR = 4096;
